$ 1 0.00025 4.252108200006279 49 7 50
w 48 160 48 192 0
w 48 192 112 192 0
g 48 256 48 272 0
w 48 32 176 32 0
R 48 32 16 32 0 0 40 3 0 0 0.5
O 288 128 320 128 0
165 112 64 128 64 2 3
w 176 32 240 32 0
w 240 32 240 96 0
w 288 128 240 128 0
w 48 160 96 160 0
w 96 160 112 160 0
r 48 112 48 144 0 110000
r 48 48 48 80 0 470
w 112 96 48 96 0
w 48 96 48 80 0
w 48 112 48 96 0
w 48 144 48 160 0
w 48 48 48 32 0
209 48 192 48 256 0 0.000009999999999999999 1.6100554296215899 1
g 176 272 176 304 0
c 176 224 176 272 0 1e-7 1.9999999999999996
t 352 48 384 48 0 1 0.5884699203151738 0.6525671225409542 100
w 384 32 384 0 0
w 320 0 288 0 0
g 432 96 432 144 0
w 384 64 432 96 0
r 288 -64 208 -64 0 55
w 320 64 320 48 0
w 320 48 352 48 0
w 320 112 320 128 0
w 288 128 320 128 0
162 320 0 368 0 1 2.1024259 1 0 0 0.01
w 368 0 384 0 0
t 400 240 432 240 0 -1 2.8436106461669883 1.0892568876326425 100
g 432 336 432 368 0
r 288 160 288 208 0 1200
w 288 128 288 160 0
w 288 240 288 208 0
w 432 272 432 256 0
162 432 272 432 336 1 2.1024259 1 0 0 0.01
w 48 32 48 -64 0
w 400 -64 480 -64 0
w 480 -64 480 224 0
w 480 224 432 224 0
w 288 240 400 240 0
w 48 -64 208 -64 0
w 288 -64 288 0 0
w 400 -64 288 -64 0
r 320 64 320 112 0 1200
r 400 176 400 240 0 720
g 352 112 352 128 0
R 400 176 400 144 0 0 40 3 0 0 0.5
r 352 48 352 112 0 720
o 5 16 0 12810 3 0.0001 0 1
